# Open Calphad output for GNUPLOT
# Indx Indep.var.  X(LIQUID,C)   X(BCC-A2,C)   X(FCC-A1,C)   X(GRAPHITE,C
# Line      1, with these stable phases at the end:
# BCC_A2 GRAPHITE
   1  1.000000E+03  0.000000E+00  7.219823E-04  0.000000E+00  1.000000E+00
   2  1.000003E+03  0.000000E+00  7.220055E-04  0.000000E+00  1.000000E+00
   3  1.000008E+03  0.000000E+00  7.220519E-04  0.000000E+00  1.000000E+00
   4  1.000108E+03  0.000000E+00  7.229803E-04  0.000000E+00  1.000000E+00
   5  1.000308E+03  0.000000E+00  7.248402E-04  0.000000E+00  1.000000E+00
   6  1.000708E+03  0.000000E+00  7.285720E-04  0.000000E+00  1.000000E+00
   7  1.008708E+03  0.000000E+00  8.066665E-04  0.000000E+00  1.000000E+00
   8  1.011173E+03  0.000000E+00  8.320997E-04  0.000000E+00  1.000000E+00
# end of line 

# Line     2, with these stable phases:
# BCC_A2 FCC_A1 GRAPHITE
   9  1.011173E+03  0.000000E+00  1.000000E+00  0.000000E+00  0.000000E+00
  10  1.011173E+03  0.000000E+00  3.091013E-02  0.000000E+00  0.000000E+00
  11  1.011173E+03  0.000000E+00  8.320997E-04  0.000000E+00  0.000000E+00
# end of line 

# Line     3, with these stable phases:
# FCC_A1 GRAPHITE
  12  1.011198E+03  0.000000E+00  0.000000E+00  3.091317E-02  1.000000E+00
  13  1.011200E+03  0.000000E+00  0.000000E+00  3.091347E-02  1.000000E+00
  14  1.011205E+03  0.000000E+00  0.000000E+00  3.091408E-02  1.000000E+00
  15  1.011215E+03  0.000000E+00  0.000000E+00  3.091530E-02  1.000000E+00
  16  1.011415E+03  0.000000E+00  0.000000E+00  3.093963E-02  1.000000E+00
  17  1.011815E+03  0.000000E+00  0.000000E+00  3.098833E-02  1.000000E+00
  18  1.012615E+03  0.000000E+00  0.000000E+00  3.108578E-02  1.000000E+00
  19  1.028615E+03  0.000000E+00  0.000000E+00  3.305556E-02  1.000000E+00
  20  1.053615E+03  0.000000E+00  0.000000E+00  3.620664E-02  1.000000E+00
  21  1.078615E+03  0.000000E+00  0.000000E+00  3.943705E-02  1.000000E+00
  22  1.103615E+03  0.000000E+00  0.000000E+00  4.273590E-02  1.000000E+00
  23  1.128615E+03  0.000000E+00  0.000000E+00  4.609293E-02  1.000000E+00
  24  1.153615E+03  0.000000E+00  0.000000E+00  4.949856E-02  1.000000E+00
  25  1.178615E+03  0.000000E+00  0.000000E+00  5.294393E-02  1.000000E+00
  26  1.203615E+03  0.000000E+00  0.000000E+00  5.642087E-02  1.000000E+00
  27  1.228615E+03  0.000000E+00  0.000000E+00  5.992189E-02  1.000000E+00
  28  1.253615E+03  0.000000E+00  0.000000E+00  6.344019E-02  1.000000E+00
  29  1.278615E+03  0.000000E+00  0.000000E+00  6.696955E-02  1.000000E+00
  30  1.303615E+03  0.000000E+00  0.000000E+00  7.050437E-02  1.000000E+00
  31  1.328615E+03  0.000000E+00  0.000000E+00  7.403961E-02  1.000000E+00
  32  1.353615E+03  0.000000E+00  0.000000E+00  7.757072E-02  1.000000E+00
  33  1.378615E+03  0.000000E+00  0.000000E+00  8.109363E-02  1.000000E+00
  34  1.403615E+03  0.000000E+00  0.000000E+00  8.460471E-02  1.000000E+00
  35  1.426593E+03  0.000000E+00  0.000000E+00  8.781862E-02  1.000000E+00
# end of line 

# Line     4, with these stable phases:
# LIQUID FCC_A1 GRAPHITE
  36  1.426593E+03  0.000000E+00  1.000000E+00  0.000000E+00  0.000000E+00
  37  1.426593E+03  0.000000E+00  8.781862E-02  0.000000E+00  0.000000E+00
  38  1.426593E+03  0.000000E+00  1.741280E-01  0.000000E+00  0.000000E+00
# end of line 

# Line     5, with these stable phases:
# LIQUID FCC_A1
  39  1.426618E+03  1.741205E-01  0.000000E+00  8.781372E-02  0.000000E+00
  40  1.426621E+03  1.741198E-01  0.000000E+00  8.781322E-02  0.000000E+00
  41  1.426626E+03  1.741183E-01  0.000000E+00  8.781224E-02  0.000000E+00
  42  1.426636E+03  1.741153E-01  0.000000E+00  8.781028E-02  0.000000E+00
  43  1.426836E+03  1.740552E-01  0.000000E+00  8.777103E-02  0.000000E+00
  44  1.427236E+03  1.739350E-01  0.000000E+00  8.769250E-02  0.000000E+00
  45  1.428036E+03  1.736943E-01  0.000000E+00  8.753532E-02  0.000000E+00
  46  1.444036E+03  1.688096E-01  0.000000E+00  8.435754E-02  0.000000E+00
  47  1.469036E+03  1.608928E-01  0.000000E+00  7.926024E-02  0.000000E+00
  48  1.494036E+03  1.526051E-01  0.000000E+00  7.399914E-02  0.000000E+00
  49  1.519036E+03  1.439159E-01  0.000000E+00  6.857264E-02  0.000000E+00
  50  1.544036E+03  1.347910E-01  0.000000E+00  6.298146E-02  0.000000E+00
  51  1.569036E+03  1.251911E-01  0.000000E+00  5.722925E-02  0.000000E+00
  52  1.594036E+03  1.150709E-01  0.000000E+00  5.132345E-02  0.000000E+00
  53  1.619036E+03  1.043773E-01  0.000000E+00  4.527626E-02  0.000000E+00
  54  1.644036E+03  9.304678E-02  0.000000E+00  3.910580E-02  0.000000E+00
  55  1.669036E+03  8.100196E-02  0.000000E+00  3.283735E-02  0.000000E+00
  56  1.694036E+03  6.814556E-02  0.000000E+00  2.650483E-02  0.000000E+00
  57  1.719036E+03  5.435148E-02  0.000000E+00  2.015224E-02  0.000000E+00
  58  1.744036E+03  3.944995E-02  0.000000E+00  1.383524E-02  0.000000E+00
  59  1.767764E+03  2.406575E-02  0.000000E+00  7.934733E-03  0.000000E+00
# end of line 

# Line     6, with these stable phases:
# LIQUID BCC_A2 FCC_A1
  60  1.767764E+03  0.000000E+00  7.934733E-03  0.000000E+00  0.000000E+00
  61  1.767764E+03  0.000000E+00  4.307248E-03  0.000000E+00  0.000000E+00
  62  1.767764E+03  0.000000E+00  2.406575E-02  0.000000E+00  0.000000E+00
# end of line 

# Line     7, with these stable phases:
# LIQUID BCC_A2
  63  1.767789E+03  2.405305E-02  4.304966E-03  0.000000E+00  0.000000E+00
  64  1.767792E+03  2.405178E-02  4.304737E-03  0.000000E+00  0.000000E+00
  65  1.767797E+03  2.404924E-02  4.304281E-03  0.000000E+00  0.000000E+00
  66  1.767807E+03  2.404416E-02  4.303368E-03  0.000000E+00  0.000000E+00
  67  1.768007E+03  2.394248E-02  4.285095E-03  0.000000E+00  0.000000E+00
  68  1.768407E+03  2.373889E-02  4.248502E-03  0.000000E+00  0.000000E+00
  69  1.769207E+03  2.333077E-02  4.175127E-03  0.000000E+00  0.000000E+00
  70  1.785207E+03  1.488808E-02  2.654864E-03  0.000000E+00  0.000000E+00
  71  1.810207E+03  4.608292E-04  8.103353E-05  0.000000E+00  0.000000E+00
  72  1.810615E+03  2.108288E-04  3.705477E-05  0.000000E+00  0.000000E+00
  73  1.810615E+03  2.106830E-04  3.703499E-05  0.000000E+00  0.000000E+00
  74  1.810616E+03  2.103764E-04  3.698108E-05  0.000000E+00  0.000000E+00
  75  1.810617E+03  2.097632E-04  3.687325E-05  0.000000E+00  0.000000E+00
  76  1.810637E+03  1.974978E-04  3.471662E-05  0.000000E+00  0.000000E+00
  77  1.810677E+03  1.729633E-04  3.040292E-05  0.000000E+00  0.000000E+00
  78  1.810757E+03  1.238796E-04  2.177374E-05  0.000000E+00  0.000000E+00
# end of line 

# Line     8, with these stable phases:
# BCC_A2 GRAPHITE
  79  1.000000E+03  0.000000E+00  7.219823E-04  0.000000E+00  1.000000E+00
  80  9.999975E+02  0.000000E+00  7.219591E-04  0.000000E+00  1.000000E+00
  81  9.999925E+02  0.000000E+00  7.219127E-04  0.000000E+00  1.000000E+00
  82  9.998925E+02  0.000000E+00  7.209854E-04  0.000000E+00  1.000000E+00
  83  9.996925E+02  0.000000E+00  7.191339E-04  0.000000E+00  1.000000E+00
  84  9.992925E+02  0.000000E+00  7.154427E-04  0.000000E+00  1.000000E+00
  85  9.912925E+02  0.000000E+00  6.448928E-04  0.000000E+00  1.000000E+00
  86  9.752925E+02  0.000000E+00  5.212372E-04  0.000000E+00  1.000000E+00
  87  9.502925E+02  0.000000E+00  3.683077E-04  0.000000E+00  1.000000E+00
  88  9.252925E+02  0.000000E+00  2.553299E-04  0.000000E+00  1.000000E+00
  89  9.002925E+02  0.000000E+00  1.734012E-04  0.000000E+00  1.000000E+00
  90  8.752925E+02  0.000000E+00  1.151658E-04  0.000000E+00  1.000000E+00
  91  8.502925E+02  0.000000E+00  7.465954E-05  0.000000E+00  1.000000E+00
  92  8.252925E+02  0.000000E+00  4.714111E-05  0.000000E+00  1.000000E+00
  93  8.002925E+02  0.000000E+00  2.892062E-05  0.000000E+00  1.000000E+00
  94  7.752925E+02  0.000000E+00  1.719133E-05  0.000000E+00  1.000000E+00
  95  7.502925E+02  0.000000E+00  9.870587E-06  0.000000E+00  1.000000E+00
  96  7.252925E+02  0.000000E+00  5.454504E-06  0.000000E+00  1.000000E+00
  97  7.002925E+02  0.000000E+00  2.889150E-06  0.000000E+00  1.000000E+00
  98  6.752925E+02  0.000000E+00  1.459979E-06  0.000000E+00  1.000000E+00
  99  6.502925E+02  0.000000E+00  7.000508E-07  0.000000E+00  1.000000E+00
 100  6.252925E+02  0.000000E+00  3.165088E-07  0.000000E+00  1.000000E+00
 101  6.002925E+02  0.000000E+00  1.339451E-07  0.000000E+00  1.000000E+00
 102  5.752925E+02  0.000000E+00  5.260284E-08  0.000000E+00  1.000000E+00
 103  5.502925E+02  0.000000E+00  1.897621E-08  0.000000E+00  1.000000E+00
 104  5.252925E+02  0.000000E+00  6.212435E-09  0.000000E+00  1.000000E+00
 105  5.002925E+02  0.000000E+00  1.819063E-09  0.000000E+00  1.000000E+00
 106  5.000000E+02  0.000000E+00  1.791806E-09  0.000000E+00  1.000000E+00
# end of line 

# Line     9, with these stable phases:
# BCC_A2 FCC_A1
 107  1.767764E+03  0.000000E+00  4.307231E-03  7.934707E-03  0.000000E+00
 108  1.767762E+03  0.000000E+00  4.307061E-03  7.934447E-03  0.000000E+00
 109  1.767757E+03  0.000000E+00  4.306721E-03  7.933929E-03  0.000000E+00
 110  1.767747E+03  0.000000E+00  4.306039E-03  7.932891E-03  0.000000E+00
 111  1.767547E+03  0.000000E+00  4.292430E-03  7.912157E-03  0.000000E+00
 112  1.767147E+03  0.000000E+00  4.265293E-03  7.870764E-03  0.000000E+00
 113  1.766347E+03  0.000000E+00  4.211341E-03  7.788286E-03  0.000000E+00
 114  1.750347E+03  0.000000E+00  3.217470E-03  6.220065E-03  0.000000E+00
 115  1.725347E+03  0.000000E+00  1.948742E-03  4.044336E-03  0.000000E+00
 116  1.700347E+03  0.000000E+00  9.620579E-04  2.147763E-03  0.000000E+00
 117  1.675347E+03  0.000000E+00  2.004488E-04  4.823568E-04  0.000000E+00
# end of line 

# Line    10, with these stable phases:
# LIQUID GRAPHITE
 118  1.426618E+03  1.741303E-01  0.000000E+00  0.000000E+00  1.000000E+00
 119  1.426621E+03  1.741306E-01  0.000000E+00  0.000000E+00  1.000000E+00
 120  1.426626E+03  1.741310E-01  0.000000E+00  0.000000E+00  1.000000E+00
 121  1.426636E+03  1.741319E-01  0.000000E+00  0.000000E+00  1.000000E+00
 122  1.426836E+03  1.741502E-01  0.000000E+00  0.000000E+00  1.000000E+00
 123  1.427236E+03  1.741867E-01  0.000000E+00  0.000000E+00  1.000000E+00
 124  1.428036E+03  1.742597E-01  0.000000E+00  0.000000E+00  1.000000E+00
 125  1.444036E+03  1.757148E-01  0.000000E+00  0.000000E+00  1.000000E+00
 126  1.469036E+03  1.779714E-01  0.000000E+00  0.000000E+00  1.000000E+00
 127  1.494036E+03  1.802085E-01  0.000000E+00  0.000000E+00  1.000000E+00
 128  1.519036E+03  1.824275E-01  0.000000E+00  0.000000E+00  1.000000E+00
 129  1.544036E+03  1.846297E-01  0.000000E+00  0.000000E+00  1.000000E+00
 130  1.569036E+03  1.868164E-01  0.000000E+00  0.000000E+00  1.000000E+00
 131  1.594036E+03  1.889887E-01  0.000000E+00  0.000000E+00  1.000000E+00
 132  1.619036E+03  1.911477E-01  0.000000E+00  0.000000E+00  1.000000E+00
 133  1.644036E+03  1.932946E-01  0.000000E+00  0.000000E+00  1.000000E+00
 134  1.669036E+03  1.954303E-01  0.000000E+00  0.000000E+00  1.000000E+00
 135  1.694036E+03  1.975559E-01  0.000000E+00  0.000000E+00  1.000000E+00
 136  1.719036E+03  1.996723E-01  0.000000E+00  0.000000E+00  1.000000E+00
 137  1.744036E+03  2.017804E-01  0.000000E+00  0.000000E+00  1.000000E+00
 138  1.769036E+03  2.038811E-01  0.000000E+00  0.000000E+00  1.000000E+00
 139  1.794036E+03  2.059753E-01  0.000000E+00  0.000000E+00  1.000000E+00
 140  1.819036E+03  2.080639E-01  0.000000E+00  0.000000E+00  1.000000E+00
 141  1.844036E+03  2.101476E-01  0.000000E+00  0.000000E+00  1.000000E+00
 142  1.869036E+03  2.122272E-01  0.000000E+00  0.000000E+00  1.000000E+00
 143  1.894036E+03  2.143036E-01  0.000000E+00  0.000000E+00  1.000000E+00
 144  1.919036E+03  2.163775E-01  0.000000E+00  0.000000E+00  1.000000E+00
 145  1.944036E+03  2.184496E-01  0.000000E+00  0.000000E+00  1.000000E+00
 146  1.969036E+03  2.205208E-01  0.000000E+00  0.000000E+00  1.000000E+00
 147  1.994036E+03  2.225916E-01  0.000000E+00  0.000000E+00  1.000000E+00
 148  2.000000E+03  2.230857E-01  0.000000E+00  0.000000E+00  1.000000E+00
# end of line 

# Line    11, with these stable phases:
# BCC_A2 FCC_A1
 149  1.011198E+03  0.000000E+00  8.319832E-04  3.090262E-02  0.000000E+00
 150  1.011200E+03  0.000000E+00  8.319716E-04  3.090187E-02  0.000000E+00
 151  1.011205E+03  0.000000E+00  8.319483E-04  3.090037E-02  0.000000E+00
 152  1.011215E+03  0.000000E+00  8.319018E-04  3.089737E-02  0.000000E+00
 153  1.011415E+03  0.000000E+00  8.309706E-04  3.083738E-02  0.000000E+00
 154  1.011815E+03  0.000000E+00  8.291082E-04  3.071758E-02  0.000000E+00
 155  1.012615E+03  0.000000E+00  8.253824E-04  3.047873E-02  0.000000E+00
 156  1.028615E+03  0.000000E+00  7.512257E-04  2.592976E-02  0.000000E+00
 157  1.053615E+03  0.000000E+00  6.413481E-04  1.979731E-02  0.000000E+00
 158  1.078615E+03  0.000000E+00  5.315816E-04  1.460886E-02  0.000000E+00
 159  1.103615E+03  0.000000E+00  4.170915E-04  1.018181E-02  0.000000E+00
 160  1.128615E+03  0.000000E+00  2.964055E-04  6.420052E-03  0.000000E+00
 161  1.153615E+03  0.000000E+00  1.688452E-04  3.244022E-03  0.000000E+00
 162  1.178615E+03  0.000000E+00  3.433608E-05  5.854094E-04  0.000000E+00
 163  1.181223E+03  0.000000E+00  1.991646E-05  3.354092E-04  0.000000E+00
 164  1.181223E+03  0.000000E+00  1.991722E-05  3.353856E-04  0.000000E+00
 165  1.181224E+03  0.000000E+00  1.991445E-05  3.353382E-04  0.000000E+00
 166  1.181225E+03  0.000000E+00  1.990891E-05  3.352433E-04  0.000000E+00
 167  1.181245E+03  0.000000E+00  1.979806E-05  3.333449E-04  0.000000E+00
 168  1.181285E+03  0.000000E+00  1.957634E-05  3.295491E-04  0.000000E+00
 169  1.181365E+03  0.000000E+00  1.913286E-05  3.219609E-04  0.000000E+00
 170  1.182965E+03  0.000000E+00  1.024930E-05  1.711635E-04  0.000000E+00
# end of line 


# plot "ocgnu.dat" using 2:1 with lines lt 1, "" using 3:1 with lines lt 1, ...
# set term postscript color
# set output "ocg.ps"
# plot ... 
# ps2pdf ocg.ps
